10000 0.000001316
20000 0.000001849
30000 0.000001201
40000 0.000001414
50000 0.000001478
60000 0.000001151
70000 0.000001615
80000 0.000001196
90000 0.000001137
100000 0.000001444
110000 0.000001173
120000 0.000001282
130000 0.000001341
140000 0.000001361
150000 0.000001316
160000 0.000001492
170000 0.000001514
180000 0.000001293
190000 0.000001195
200000 0.000001313
210000 0.000001327
220000 0.000001165
230000 0.000001347
240000 0.000001419
250000 0.000001444
260000 0.000001207
270000 0.000001492
280000 0.000001296
290000 0.000001534
300000 0.000001260
310000 0.000003769
320000 0.000001612
330000 0.000001528
340000 0.000001296
350000 0.000001564