10000 0.000001458 0.000001475 -0.000000017 8928 8915
20000 0.000001539 0.000001411 0.000000128 4823 4933
30000 0.000001668 0.000002486 -0.000000819 2598 2691
40000 0.000001704 0.000001576 0.000000128 1372 1464
50000 0.000001724 0.000001606 0.000000117 731 825
60000 0.000002310 0.000001838 0.000000472 375 474
70000 0.000001816 0.000001685 0.000000131 211 239
80000 0.000001956 0.000001874 0.000000081 105 121
90000 0.000002104 0.000001997 0.000000106 59 62
100000 0.000002126 0.000001978 0.000000148 30 30
110000 0.000002285 0.000002011 0.000000274 14 9
120000 0.000002051 0.000001944 0.000000106 8 3
130000 0.000002291 0.000002079 0.000000212 2 1
140000 0.000002333 0.000002269 0.000000064 1 0
150000 0.000002375 0.000002330 0.000000045 1 0
160000 0.000002646 0.000002512 0.000000134 0 0
170000 0.000003316 0.000003129 0.000000187 0 0
180000 0.000003227 0.000003146 0.000000081 0 0
190000 0.000003017 0.000003394 -0.000000377 0 0
200000 0.000002671 0.000002570 0.000000101 0 0
210000 0.000002579 0.000002447 0.000000131 0 0
220000 0.000002741 0.000002676 0.000000064 0 0
230000 0.000003302 0.000002822 0.000000481 0 0
240000 0.000002911 0.000002841 0.000000070 0 0
250000 0.000002433 0.000002330 0.000000103 0 0
260000 0.000002470 0.000002369 0.000000101 0 0
270000 0.000003140 0.000003073 0.000000067 0 0
280000 0.000002743 0.000002601 0.000000142 0 0
290000 0.000002671 0.000002679 -0.000000008 0 0
300000 0.000002755 0.000002671 0.000000084 0 0
310000 0.000002802 0.000002849 -0.000000047 0 0
320000 0.000002950 0.000002844 0.000000106 0 0
330000 0.000002978 0.000002970 0.000000008 0 0
340000 0.000002836 0.000002916 -0.000000081 0 0