10000 0.000001936
20000 0.000002263
30000 0.000002176
40000 0.000003710
50000 0.000002514
60000 0.000002674
70000 0.000002615
80000 0.000002249
90000 0.000002408
100000 0.000002458
110000 0.000002531
120000 0.000003079
130000 0.000003319
140000 0.000002975
150000 0.000003246
160000 0.000003375
170000 0.000008713
180000 0.000003799
190000 0.000004724
200000 0.000003484
210000 0.000003148
220000 0.000003137
230000 0.000003956
240000 0.000003961
250000 0.000003503
260000 0.000003372
270000 0.000003059
280000 0.000003341
290000 0.000003665
300000 0.000003556
310000 0.000003573
320000 0.000002900
330000 0.000002956
340000 0.000003297
350000 0.000003132