### 1024 * 32

10000 0.000001889
20000 0.000001305
30000 0.000001366
40000 0.000001584
50000 0.000001609
60000 0.000001673
70000 0.000001668
80000 0.000001752
90000 0.000001847
100000 0.000002101
110000 0.000001855
120000 0.000001897
130000 0.000001844
140000 0.000002129
150000 0.000002232
160000 0.000001894
170000 0.000002006
180000 0.000001861
190000 0.000001928
200000 0.000002187
210000 0.000002162
220000 0.000002383
230000 0.000002377
240000 0.000002542
250000 0.000003140
260000 0.000002511
270000 0.000002847
280000 0.000002738
290000 0.000002903
300000 0.000002570
310000 0.000002735
320000 0.000002500
330000 0.000002880
340000 0.000003162
350000 0.000002749