10000 0.000038237
20000 0.000054619
30000 0.000098482
40000 0.000174877
50000 0.000159277
60000 0.000194969
70000 0.000177366
80000 0.000203593
90000 0.000332841
100000 0.000585222
110000 0.000353363
120000 0.000347488
130000 0.000376042
140000 0.000754406
150000 0.000503343
160000 0.000772109
170000 0.001075611
180000 0.000904084
190000 0.001052268
200000 0.000948729
210000 0.001038573
220000 0.000628462
230000 0.000737211
240000 0.001034623
250000 0.000781365
260000 0.000829197
270000 0.000862361
280000 0.000937655
290000 0.001137787
300000 0.000816503
310000 0.001086814
320000 0.001300411
330000 0.000984530
340000 0.001088124
350000 0.001047423